1 00051U 60009C   15135.56682362 -.00000097  00000-0 -11260-3 0  9995
2 00051 047.2139 341.3794 0106208 034.1015 326.6541 12.18255910437348
1 00053U 60009E   15133.39640866 -.00000085  00000-0  00000+0 0  9991
2 00053 047.2762 240.8833 0096827 338.6870 020.9901 12.17165743441763
1 00085U 61004C   15134.03049147  .00020494  00000-0  47643-2 0  9991
2 00085 038.7712 111.0393 0419934 038.5107 324.4831 14.12044751666849
1 00115U 60002D   15135.40603799  .00002119  00000-0  28850-3 0  9997
2 00115 048.1653 211.5522 0035596 335.9290 023.9957 14.82048272936880
1 00119U 61015D   15134.81589705  .00001297  00000-0  57936-3 0  9993
2 00119 066.7296 070.4450 0112074 304.1779 054.8730 14.22525496781952
1 00120U 61015E   15134.50517665  .00001144  00000-0  49602-3 0  9999
2 00120 066.7049 160.5847 0113739 041.0663 319.8925 14.24360497771071
1 00121U 61015F   15135.81675767  .00000048  00000-0  83523-4 0  9996
2 00121 066.7490 022.5516 0099273 309.7485 049.4882 13.99562474759472
1 00122U 61015G   15135.81197508  .00004368  00000-0  77690-3 0  9995
2 00122 066.7545 009.6984 0070853 156.0306 204.4137 14.66473860818193
1 00123U 61015H   15135.13255098  .00001004  00000-0  34468-3 0  9990
2 00123 066.6857 008.5207 0119861 343.2802 016.4361 14.36332026797684
1 00124U 61015J   15135.07699761  .00001126  00000-0  46158-3 0  9997
2 00124 066.5411 132.0079 0070034 052.1217 308.6186 14.29482726779613
1 00125U 61015K   15135.81320554  .00000556  00000-0  38517-3 0  9997
2 00125 066.8766 318.8627 0070848 149.6017 210.9208 14.05005946748408
1 00126U 61015L   15134.38416483  .00002093  00000-0  74351-3 0  9990
2 00126 066.7156 019.5120 0070929 348.4547 011.4923 14.34915589782604
1 00127U 61015M   15134.70227856  .00002766  00000-0  92152-3 0  9997
2 00127 066.8326 226.0409 0079369 226.2940 133.1571 14.37263945783378
1 00128U 61015N   15134.67087053  .00000181  00000-0  16693-3 0  9992
2 00128 066.6756 219.5457 0099050 218.8572 140.5363 14.00988033747824
1 00130U 61015Q   15135.70356127  .00000098  00000-0  11848-3 0  9995
2 00130 066.7708 207.2467 0092955 252.7924 106.2968 13.98530425745478
1 00131U 61015R   15134.89583232  .00000314  00000-0  25770-3 0  9994
2 00131 066.7343 109.7229 0080642 006.8331 353.3831 14.00418842736483
1 00132U 61015S   15135.81488975  .00000012  00000-0  66600-4 0  9999
2 00132 066.6607 257.6604 0070474 036.7637 323.8246 13.94205855739473
1 00133U 61015T   15135.12566118  .00001324  00000-0  68698-3 0  9995
2 00133 067.1171 010.2195 0048961 125.4072 235.1610 14.17181942759220
1 00134U 61015U   15133.87964851  .00000210  00000-0  20086-3 0  9994
2 00134 066.8804 291.1830 0087737 235.9094 123.3640 13.96593252740140
1 00136U 61015W   15134.51124030  .00001897  00000-0  72527-3 0  9994
2 00136 067.5292 163.3896 0044764 097.0622 263.5578 14.32115778776027
1 00138U 61015Y   15134.87760970  .00000843  00000-0  61163-3 0  9998
2 00138 067.1550 316.3598 0028530 035.8903 324.4093 14.00926642735294
1 00141U 61015AB  15135.78651653  .00000518  00000-0  50883-3 0  9996
2 00141 066.5898 237.8984 0054456 177.7109 182.4225 13.86259585710382
1 00144U 61015AE  15135.81581488  .00000357  00000-0  35334-3 0  9996
2 00144 066.5002 309.6602 0035840 057.7613 302.6928 13.89645610722098
1 00145U 61015AF  15135.02374665  .00000442  00000-0  34191-3 0  9992
2 00145 066.9268 322.7831 0060660 031.6175 328.8531 14.00865261749447
1 00147U 61015AH  15135.82860462  .00001312  00000-0  66939-3 0  9999
2 00147 066.6207 016.0400 0055624 004.6712 355.4887 14.18069500759919
1 00148U 61015AJ  15134.74216890  .00001827  00000-0  10686-2 0  9998
2 00148 065.7771 254.7092 0158869 220.0764 138.8507 14.04586247189691
1 00150U 61015AL  15135.21471892  .00000435  00000-0  48482-3 0  9999
2 00150 066.2456 141.0710 0053533 081.4495 279.2635 13.80482474549329






























